[gd_scene load_steps=14 format=3 uid="uid://7ltqogxgms3e"]

[ext_resource type="PackedScene" uid="uid://dob0785i5s1r6" path="res://Scenes/Player.tscn" id="1_ha0sw"]
[ext_resource type="PackedScene" uid="uid://bmea15g3rg5tw" path="res://KenneyAssets/kenney_survival-kit/Models/FBX format/rock-a.fbx" id="2_spfsp"]
[ext_resource type="PackedScene" uid="uid://u40ukx6o8rmd" path="res://KenneyAssets/kenney_survival-kit/Models/FBX format/rock-b.fbx" id="3_0onvh"]
[ext_resource type="PackedScene" uid="uid://bonsfxah44o8c" path="res://KenneyAssets/kenney_survival-kit/Models/FBX format/rock-c.fbx" id="4_nit4p"]
[ext_resource type="PackedScene" uid="uid://cd82qi2ugqxc2" path="res://KenneyAssets/kenney_survival-kit/Models/FBX format/tree-log.fbx" id="5_rxi36"]
[ext_resource type="PackedScene" uid="uid://j04pp1qp8pak" path="res://KenneyAssets/kenney_survival-kit/Models/FBX format/tree-tall.fbx" id="6_mkqie"]
[ext_resource type="PackedScene" uid="uid://duddhtc7qqyr8" path="res://KenneyAssets/kenney_survival-kit/Models/FBX format/tree.fbx" id="7_njyf0"]
[ext_resource type="PackedScene" uid="uid://vgvmpi34n4sm" path="res://Scenes/Objects/pickable_object.tscn" id="8_mh55r"]
[ext_resource type="PackedScene" uid="uid://b8qbkcn7r0634" path="res://Scenes/Objects/Basket.tscn" id="9_8qnlv"]

[sub_resource type="Environment" id="Environment_gki4l"]
background_mode = 1
background_color = Color(0.459113, 0.588357, 0.776528, 1)
ambient_light_source = 3
ambient_light_color = Color(0.504969, 0.472506, 0.48081, 1)

[sub_resource type="BoxShape3D" id="BoxShape3D_y5wap"]
size = Vector3(100, 1, 100)

[sub_resource type="StandardMaterial3D" id="StandardMaterial3D_t5yd5"]
albedo_color = Color(0.428456, 0.643813, 0.441432, 1)

[sub_resource type="BoxMesh" id="BoxMesh_88da7"]
size = Vector3(100, 1, 100)

[node name="Main" type="Node3D"]

[node name="XRNode3D" parent="." instance=ExtResource("1_ha0sw")]
transform = Transform3D(1, 0, 0, 0, 1, 0, 0, 0, 1, 7.92029, 1.08175, 7.98908)

[node name="Vegetation" type="Node3D" parent="."]
transform = Transform3D(3.83052, 0, 0, 0, 3.83052, 0, 0, 0, 3.83052, 0, -1.33278, 0)

[node name="rock-a" parent="Vegetation" instance=ExtResource("2_spfsp")]
transform = Transform3D(4.30831, 0, 0, 0, 4.30831, 0, 0, 0, 4.30831, 1.13426, -0.163957, -4.32144)

[node name="rock-b" parent="Vegetation" instance=ExtResource("3_0onvh")]
transform = Transform3D(4.32942, 0, 0, 0, 4.32942, 0, 0, 0, 4.32942, -0.635948, -0.0732692, -4.27387)

[node name="rock-c" parent="Vegetation" instance=ExtResource("4_nit4p")]
transform = Transform3D(2.21455, 0, 3.58818, 0, 4.21654, 0, -3.58818, 0, 2.21455, -2.19649, -0.13269, -2.41754)

[node name="rock-a2" parent="Vegetation" instance=ExtResource("2_spfsp")]
transform = Transform3D(2.46283, 0, -3.53498, 0, 4.30831, 0, 3.53498, 0, 2.46283, 6.23053, -0.00970894, -2.64769)

[node name="rock-b2" parent="Vegetation" instance=ExtResource("3_0onvh")]
transform = Transform3D(2.47489, 0, -3.5523, 0, 4.32942, 0, 3.5523, 0, 2.47489, 5.17957, 0.0809786, -4.07295)

[node name="rock-a7" parent="Vegetation" instance=ExtResource("2_spfsp")]
transform = Transform3D(0.604441, 0, 4.2657, 0, 4.30831, 0, -4.2657, 0, 0.604441, -4.05247, -0.0380459, 1.55428)

[node name="rock-b7" parent="Vegetation" instance=ExtResource("3_0onvh")]
transform = Transform3D(0.607402, 0, 4.2866, 0, 4.32942, 0, -4.2866, 0, 0.607402, -4.25372, 0.0526416, 3.31365)

[node name="rock-c7" parent="Vegetation" instance=ExtResource("4_nit4p")]
transform = Transform3D(-3.242, 0, 2.69605, 0, 4.21654, 0, -2.69605, 0, -3.242, -2.63469, -0.00677925, 5.1192)

[node name="rock-c8" parent="Vegetation" instance=ExtResource("4_nit4p")]
transform = Transform3D(-3.242, 0, 2.69605, 0, 4.21654, 0, -2.69605, 0, -3.242, -4.12482, -0.00677925, -0.184367)

[node name="rock-a8" parent="Vegetation" instance=ExtResource("2_spfsp")]
transform = Transform3D(3.84554, 0, 1.94252, 0, 4.30831, 0, -1.94252, 0, 3.84554, -1.68028, 0.116202, -3.25677)

[node name="rock-b8" parent="Vegetation" instance=ExtResource("3_0onvh")]
transform = Transform3D(3.86438, 0, 1.95204, 0, 4.32942, 0, -1.95204, 0, 3.86438, -3.31304, 0.0627632, -2.43756)

[node name="rock-c2" parent="Vegetation" instance=ExtResource("4_nit4p")]
transform = Transform3D(4.21004, 0, 0.234124, 0, 4.21654, 0, -0.234124, 0, 4.21004, 2.76437, 0.0215577, -4.29222)

[node name="rock-a3" parent="Vegetation" instance=ExtResource("2_spfsp")]
transform = Transform3D(-0.883021, 0, -4.21685, 0, 4.30831, 0, 4.21685, 0, -0.883021, 7.89529, -0.00970894, 1.5855)

[node name="rock-b3" parent="Vegetation" instance=ExtResource("3_0onvh")]
transform = Transform3D(-0.887347, 0, -4.23751, 0, 4.32942, 0, 4.23751, 0, -0.887347, 8.21154, 0.0809786, -0.156873)

[node name="rock-c3" parent="Vegetation" instance=ExtResource("4_nit4p")]
transform = Transform3D(3.05812, 0, -2.90296, 0, 4.21654, 0, 2.90296, 0, 3.05812, 6.71447, 0.0215577, -2.06476)

[node name="rock-a4" parent="Vegetation" instance=ExtResource("2_spfsp")]
transform = Transform3D(-3.34644, 0, -2.71347, 0, 4.30831, 0, 2.71347, 0, -3.34644, 6.72386, -0.163957, 6.62616)

[node name="rock-b4" parent="Vegetation" instance=ExtResource("3_0onvh")]
transform = Transform3D(-3.36283, 0, -2.72677, 0, 4.32942, 0, 2.72677, 0, -3.36283, 8.06889, -0.0732692, 5.47429)

[node name="rock-c4" parent="Vegetation" instance=ExtResource("4_nit4p")]
transform = Transform3D(0.539788, 0, -4.18185, 0, 4.21654, 0, 4.18185, 0, 0.539788, 8.11187, -0.13269, 3.04955)

[node name="rock-a5" parent="Vegetation" instance=ExtResource("2_spfsp")]
transform = Transform3D(-4.13938, 0, 1.19461, 0, 4.30831, 0, -1.19461, 0, -4.13938, 1.71122, -0.00970894, 8.53583)

[node name="rock-b5" parent="Vegetation" instance=ExtResource("3_0onvh")]
transform = Transform3D(-4.15966, 0, 1.20047, 0, 4.32942, 0, -1.20047, 0, -4.15966, 3.4252, 0.0809786, 8.98097)

[node name="rock-c5" parent="Vegetation" instance=ExtResource("4_nit4p")]
transform = Transform3D(-3.12264, 0, -2.83343, 0, 4.21654, 0, 2.83343, 0, -3.12264, 5.43928, 0.0215577, 7.63014)

[node name="rock-a6" parent="Vegetation" instance=ExtResource("2_spfsp")]
transform = Transform3D(-1.96999, 0, 3.83154, 0, 4.30831, 0, -3.83154, 0, -1.96999, -2.24802, -0.00970894, 6.29625)

[node name="rock-b6" parent="Vegetation" instance=ExtResource("3_0onvh")]
transform = Transform3D(-1.97964, 0, 3.85031, 0, 4.32942, 0, -3.85031, 0, -1.97964, -1.39628, 0.0809786, 7.8488)

[node name="rock-c6" parent="Vegetation" instance=ExtResource("4_nit4p")]
transform = Transform3D(-4.2037, 0, 0.328772, 0, 4.21654, 0, -0.328772, 0, -4.2037, 0.968179, 0.0215577, 8.38785)

[node name="tree-log" parent="Vegetation" instance=ExtResource("5_rxi36")]
transform = Transform3D(0.613163, 0, 0, 0, 0.613163, 0, 0, 0, 0.613163, 0.226809, 0.151083, 2.15276)

[node name="tree-tall" parent="Vegetation" instance=ExtResource("6_mkqie")]
transform = Transform3D(1, 0, 0, 0, 1, 0, 0, 0, 1, 3.01005, 0, -2.89578)

[node name="tree-tall17" parent="Vegetation" instance=ExtResource("6_mkqie")]
transform = Transform3D(1, 0, 0, 0, 1, 0, 0, 0, 1, 4.79415, 0, -2.04774)

[node name="tree-tall2" parent="Vegetation" instance=ExtResource("6_mkqie")]
transform = Transform3D(1, 0, 0, 0, 1, 0, 0, 0, 1, 1.01005, 0, -2.89578)

[node name="tree-tall3" parent="Vegetation" instance=ExtResource("6_mkqie")]
transform = Transform3D(1, 0, 0, 0, 1, 0, 0, 0, 1, -0.525008, 0, -2.61028)

[node name="tree-tall4" parent="Vegetation" instance=ExtResource("6_mkqie")]
transform = Transform3D(-0.136476, 0, -0.990643, 0, 1, 0, 0.990643, 0, -0.136476, -2.38238, 0, 0.954728)

[node name="tree-tall5" parent="Vegetation" instance=ExtResource("6_mkqie")]
transform = Transform3D(-0.136476, 0, -0.990643, 0, 1, 0, 0.990643, 0, -0.136476, -2.45571, 0, -0.604931)

[node name="tree-tall6" parent="Vegetation" instance=ExtResource("6_mkqie")]
transform = Transform3D(-0.136476, 0, -0.990643, 0, 1, 0, 0.990643, 0, -0.136476, 6.61762, 0, 0.954728)

[node name="tree-tall7" parent="Vegetation" instance=ExtResource("6_mkqie")]
transform = Transform3D(-0.136476, 0, -0.990643, 0, 1, 0, 0.990643, 0, -0.136476, 6.54429, 0, -0.604931)

[node name="tree-tall8" parent="Vegetation" instance=ExtResource("6_mkqie")]
transform = Transform3D(-0.136476, 0, -0.990643, 0, 1, 0, 0.990643, 0, -0.136476, 6.34147, 2.38419e-07, 5.9526)

[node name="tree-tall10" parent="Vegetation" instance=ExtResource("6_mkqie")]
transform = Transform3D(1, 0, 0, 0, 1, 0, 0, 0, 1, 1.00685, 0, 6.52136)

[node name="tree-tall11" parent="Vegetation" instance=ExtResource("6_mkqie")]
transform = Transform3D(1, 0, 0, 0, 1, 0, 0, 0, 1, -0.525008, 0, 5.92527)

[node name="tree-tall12" parent="Vegetation" instance=ExtResource("6_mkqie")]
transform = Transform3D(-0.136476, 0, -0.990643, 0, 1, 0, 0.990643, 0, -0.136476, -2.50833, 0.0267553, 3.14762)

[node name="tree-tall13" parent="Vegetation" instance=ExtResource("6_mkqie")]
transform = Transform3D(-0.136476, 0, -0.990643, 0, 1, 0, 0.990643, 0, -0.136476, -2.45571, 0, 4.23901)

[node name="tree-tall14" parent="Vegetation" instance=ExtResource("6_mkqie")]
transform = Transform3D(-0.136476, 0, -0.990643, 0, 1, 0, 0.990643, 0, -0.136476, 4.41949, 0, 7.41652)

[node name="tree-tall15" parent="Vegetation" instance=ExtResource("6_mkqie")]
transform = Transform3D(-0.136476, 0, -0.990643, 0, 1, 0, 0.990643, 0, -0.136476, 6.91421, -0.0141301, 2.79816)

[node name="tree-tall16" parent="Vegetation" instance=ExtResource("6_mkqie")]
transform = Transform3D(-0.136476, 0, -0.990643, 0, 1, 0, 0.990643, 0, -0.136476, 0.149332, 2.38419e-07, 7.13994)

[node name="tree-tall9" parent="Vegetation" instance=ExtResource("6_mkqie")]
transform = Transform3D(-0.136476, 0, -0.990643, 0, 1, 0, 0.990643, 0, -0.136476, 6.6418, 0.0716929, 4.37646)

[node name="tree" parent="Vegetation" instance=ExtResource("7_njyf0")]
transform = Transform3D(1, 0, 0, 0, 1, 0, 0, 0, 1, 2.19381, 0.0619901, -2.69329)

[node name="tree2" parent="Vegetation" instance=ExtResource("7_njyf0")]
transform = Transform3D(1, 0, 0, 0, 1, 0, 0, 0, 1, 0.19381, 0.0619901, -2.69329)

[node name="tree3" parent="Vegetation" instance=ExtResource("7_njyf0")]
transform = Transform3D(1, 0, 0, 0, 1, 0, 0, 0, 1, -1.25666, 0.0619901, -1.93673)

[node name="tree4" parent="Vegetation" instance=ExtResource("7_njyf0")]
transform = Transform3D(1, 0, 0, 0, 1, 0, 0, 0, 1, -2.07577, 0.0619901, 0.0632664)

[node name="tree5" parent="Vegetation" instance=ExtResource("7_njyf0")]
transform = Transform3D(1, 0, 0, 0, 1, 0, 0, 0, 1, -2.07577, 0.0619901, 1.77428)

[node name="tree6" parent="Vegetation" instance=ExtResource("7_njyf0")]
transform = Transform3D(-0.122129, 0, -0.992514, 0, 1, 0, 0.992514, 0, -0.122129, 6.25944, 0.0619901, 2.19359)

[node name="tree10" parent="Vegetation" instance=ExtResource("7_njyf0")]
transform = Transform3D(-0.122129, 0, -0.992514, 0, 1, 0, 0.992514, 0, -0.122129, 4.96175, 0.0619901, 6.19359)

[node name="tree11" parent="Vegetation" instance=ExtResource("7_njyf0")]
transform = Transform3D(-0.122129, 0, -0.992514, 0, 1, 0, 0.992514, 0, -0.122129, 2.13439, 0.0619901, 7.27991)

[node name="tree12" parent="Vegetation" instance=ExtResource("7_njyf0")]
transform = Transform3D(-0.122129, 0, -0.992514, 0, 1, 0, 0.992514, 0, -0.122129, 3.05932, 0.0543299, 6.80114)

[node name="tree13" parent="Vegetation" instance=ExtResource("7_njyf0")]
transform = Transform3D(-0.122129, 0, -0.992514, 0, 1, 0, 0.992514, 0, -0.122129, -1.03323, 0.0789815, 4.98067)

[node name="tree14" parent="Vegetation" instance=ExtResource("7_njyf0")]
transform = Transform3D(-0.122129, 0, -0.992514, 0, 1, 0, 0.992514, 0, -0.122129, -1.32842, 0.0789815, 4.01239)

[node name="tree15" parent="Vegetation" instance=ExtResource("7_njyf0")]
transform = Transform3D(-0.122129, 0, -0.992514, 0, 1, 0, 0.992514, 0, -0.122129, -1.77156, 0.0789815, 3.07284)

[node name="tree16" parent="Vegetation" instance=ExtResource("7_njyf0")]
transform = Transform3D(-0.122129, 0, -0.992514, 0, 1, 0, 0.992514, 0, -0.122129, -1.77156, 0.0789815, -1.02761)

[node name="tree17" parent="Vegetation" instance=ExtResource("7_njyf0")]
transform = Transform3D(-0.122129, 0, -0.992514, 0, 1, 0, 0.992514, 0, -0.122129, 5.64314, 0.0789815, -0.936089)

[node name="tree18" parent="Vegetation" instance=ExtResource("7_njyf0")]
transform = Transform3D(-0.122129, 0, -0.992514, 0, 1, 0, 0.992514, 0, -0.122129, 6.11349, -0.0437266, 0.45063)

[node name="tree19" parent="Vegetation" instance=ExtResource("7_njyf0")]
transform = Transform3D(-0.122129, 0, -0.992514, 0, 1, 0, 0.992514, 0, -0.122129, 7.03349, -0.0437266, 3.77087)

[node name="tree20" parent="Vegetation" instance=ExtResource("7_njyf0")]
transform = Transform3D(-0.122129, 0, -0.992514, 0, 1, 0, 0.992514, 0, -0.122129, 6.01348, -0.0437266, 5.23889)

[node name="tree21" parent="Vegetation" instance=ExtResource("7_njyf0")]
transform = Transform3D(-0.122129, 0, -0.992514, 0, 1, 0, 0.992514, 0, -0.122129, 3.98434, -0.0437266, 6.4977)

[node name="tree22" parent="Vegetation" instance=ExtResource("7_njyf0")]
transform = Transform3D(-0.122129, 0, -0.992514, 0, 1, 0, 0.992514, 0, -0.122129, 1.75884, -0.0437266, 6.4977)

[node name="tree23" parent="Vegetation" instance=ExtResource("7_njyf0")]
transform = Transform3D(-0.122129, 0, -0.992514, 0, 1, 0, 0.992514, 0, -0.122129, 0.104019, -0.0437266, 6.05823)

[node name="tree7" parent="Vegetation" instance=ExtResource("7_njyf0")]
transform = Transform3D(-0.122129, 0, -0.992514, 0, 1, 0, 0.992514, 0, -0.122129, 5.42024, 0.0619901, -1.61452)

[node name="tree8" parent="Vegetation" instance=ExtResource("7_njyf0")]
transform = Transform3D(-0.122129, 0, -0.992514, 0, 1, 0, 0.992514, 0, -0.122129, 4.11305, 0.0619901, -2.36985)

[node name="tree9" parent="Vegetation" instance=ExtResource("7_njyf0")]
transform = Transform3D(-0.122129, 0, -0.992514, 0, 1, 0, 0.992514, 0, -0.122129, 3.44048, 0.0619901, -2.21999)

[node name="WorldEnvironment" type="WorldEnvironment" parent="."]
environment = SubResource("Environment_gki4l")

[node name="DirectionalLight3D" type="DirectionalLight3D" parent="WorldEnvironment"]
transform = Transform3D(1, 0, 0, 0, 0.735435, 0.677595, 0, -0.677595, 0.735435, -22.4488, 6.50441, 6.11123)
light_color = Color(0.601961, 0.543693, 0.641157, 1)
shadow_enabled = true

[node name="StaticBody3D" type="StaticBody3D" parent="."]
transform = Transform3D(1, 0, 0, 0, 1, 0, 0, 0, 1, 0, -1.47132, 0)

[node name="CollisionShape3D" type="CollisionShape3D" parent="StaticBody3D"]
shape = SubResource("BoxShape3D_y5wap")

[node name="MeshInstance3D" type="MeshInstance3D" parent="StaticBody3D/CollisionShape3D"]
material_override = SubResource("StandardMaterial3D_t5yd5")
mesh = SubResource("BoxMesh_88da7")

[node name="Label3D" type="Label3D" parent="."]
transform = Transform3D(1, 0, 0, 0, 1, 0, 0, 0, 1, 8.29653, 1.10326, 1.19596)
text = "Welcome To Puig_VR"

[node name="PickableObject" parent="." instance=ExtResource("8_mh55r")]
transform = Transform3D(0.252986, 0, 0, 0, 0.252986, 0, 0, 0, 0.252986, 10.5871, 1.38332, 3.63548)

[node name="Node3D" parent="." instance=ExtResource("9_8qnlv")]
transform = Transform3D(1.34872, 0, 0, 0, 1.34872, 0, 0, 0, 1.34872, 11.4989, -1.38295, 1.24353)
