[gd_scene load_steps=20 format=3 uid="uid://bm3l3w375xf5o"]

[ext_resource type="PackedScene" uid="uid://dob0785i5s1r6" path="res://Scenes/Player.tscn" id="1_dxn0a"]
[ext_resource type="PackedScene" uid="uid://bmea15g3rg5tw" path="res://KenneyAssets/kenney_survival-kit/Models/FBX format/rock-a.fbx" id="2_5gcb1"]
[ext_resource type="PackedScene" uid="uid://u40ukx6o8rmd" path="res://KenneyAssets/kenney_survival-kit/Models/FBX format/rock-b.fbx" id="3_g3ca5"]
[ext_resource type="PackedScene" uid="uid://bonsfxah44o8c" path="res://KenneyAssets/kenney_survival-kit/Models/FBX format/rock-c.fbx" id="4_eugfh"]
[ext_resource type="PackedScene" uid="uid://j04pp1qp8pak" path="res://KenneyAssets/kenney_survival-kit/Models/FBX format/tree-tall.fbx" id="5_5q6uq"]
[ext_resource type="PackedScene" uid="uid://duddhtc7qqyr8" path="res://KenneyAssets/kenney_survival-kit/Models/FBX format/tree.fbx" id="6_ihdsi"]
[ext_resource type="PackedScene" uid="uid://c3vo068mkb2o3" path="res://KenneyAssets/kenney_space-kit/Models/DAE format/pipe_end.dae" id="7_aiujs"]
[ext_resource type="PackedScene" uid="uid://da8mhmsg4bo36" path="res://Scenes/Games/Pipes/PipePacket.tscn" id="7_gsr8w"]
[ext_resource type="PackedScene" uid="uid://ci6q75itojtjh" path="res://KenneyAssets/kenney_space-kit/Models/DAE format/pipe_rampLarge.dae" id="8_w877o"]
[ext_resource type="PackedScene" uid="uid://dnti10ycvwo32" path="res://KenneyAssets/kenney_space-kit/Models/DAE format/pipe_split.dae" id="9_lwt6u"]
[ext_resource type="PackedScene" uid="uid://bg1x24p6uoqwe" path="res://KenneyAssets/kenney_space-kit/Models/DAE format/pipe_straight.dae" id="10_trswd"]
[ext_resource type="PackedScene" uid="uid://dcadmj5mrcnr0" path="res://KenneyAssets/kenney_space-kit/Models/DAE format/hangar_roundGlass.dae" id="11_ol4fu"]
[ext_resource type="PackedScene" uid="uid://bgykypsjvivb2" path="res://KenneyAssets/kenney_space-kit/Models/DAE format/barrel.dae" id="12_d8fc1"]

[sub_resource type="Environment" id="Environment_gki4l"]
background_mode = 1
background_color = Color(0.642728, 0.532403, 0.705231, 1)
ambient_light_source = 3
ambient_light_color = Color(0.504969, 0.472506, 0.48081, 1)

[sub_resource type="BoxShape3D" id="BoxShape3D_y5wap"]
size = Vector3(100, 1, 100)

[sub_resource type="StandardMaterial3D" id="StandardMaterial3D_t5yd5"]
albedo_color = Color(0.428456, 0.643813, 0.441432, 1)

[sub_resource type="BoxMesh" id="BoxMesh_88da7"]
size = Vector3(100, 1, 100)

[sub_resource type="BoxShape3D" id="BoxShape3D_b6npi"]
size = Vector3(1, 11.8081, 18.5604)

[sub_resource type="CylinderShape3D" id="CylinderShape3D_7rxju"]
height = 0.270742
radius = 0.0999873

[node name="Main" type="Node3D"]

[node name="XRNode3D" parent="." instance=ExtResource("1_dxn0a")]
transform = Transform3D(0.733579, -0.0968576, 0.672667, 0.150648, 0.988343, -0.0219779, -0.662697, 0.117459, 0.739619, 9.81394, 1.08175, 6.75302)

[node name="Vegetation" type="Node3D" parent="."]
transform = Transform3D(3.83052, 0, 0, 0, 3.83052, 0, 0, 0, 3.83052, 0, -1.33278, 0)

[node name="rock-a" parent="Vegetation" instance=ExtResource("2_5gcb1")]
transform = Transform3D(4.30831, 0, 0, 0, 4.30831, 0, 0, 0, 4.30831, 1.13426, -0.163957, -4.32144)

[node name="rock-b" parent="Vegetation" instance=ExtResource("3_g3ca5")]
transform = Transform3D(4.32942, 0, 0, 0, 4.32942, 0, 0, 0, 4.32942, -0.635948, -0.0732692, -4.27387)

[node name="rock-c" parent="Vegetation" instance=ExtResource("4_eugfh")]
transform = Transform3D(2.21455, 0, 3.58818, 0, 4.21654, 0, -3.58818, 0, 2.21455, -2.19649, -0.13269, -2.41754)

[node name="rock-a2" parent="Vegetation" instance=ExtResource("2_5gcb1")]
transform = Transform3D(2.46283, 0, -3.53498, 0, 4.30831, 0, 3.53498, 0, 2.46283, 6.23053, -0.00970894, -2.64769)

[node name="rock-b2" parent="Vegetation" instance=ExtResource("3_g3ca5")]
transform = Transform3D(2.47489, 0, -3.5523, 0, 4.32942, 0, 3.5523, 0, 2.47489, 5.17957, 0.0809786, -4.07295)

[node name="rock-a7" parent="Vegetation" instance=ExtResource("2_5gcb1")]
transform = Transform3D(0.604441, 0, 4.2657, 0, 4.30831, 0, -4.2657, 0, 0.604441, -4.05247, -0.0380459, 1.55428)

[node name="rock-b7" parent="Vegetation" instance=ExtResource("3_g3ca5")]
transform = Transform3D(0.607402, 0, 4.2866, 0, 4.32942, 0, -4.2866, 0, 0.607402, -4.25372, 0.0526416, 3.31365)

[node name="rock-c7" parent="Vegetation" instance=ExtResource("4_eugfh")]
transform = Transform3D(-3.242, 0, 2.69605, 0, 4.21654, 0, -2.69605, 0, -3.242, -2.63469, -0.00677925, 5.1192)

[node name="rock-c8" parent="Vegetation" instance=ExtResource("4_eugfh")]
transform = Transform3D(-3.242, 0, 2.69605, 0, 4.21654, 0, -2.69605, 0, -3.242, -4.12482, -0.00677925, -0.184367)

[node name="rock-a8" parent="Vegetation" instance=ExtResource("2_5gcb1")]
transform = Transform3D(3.84554, 0, 1.94252, 0, 4.30831, 0, -1.94252, 0, 3.84554, -1.68028, 0.116202, -3.25677)

[node name="rock-b8" parent="Vegetation" instance=ExtResource("3_g3ca5")]
transform = Transform3D(3.86438, 0, 1.95204, 0, 4.32942, 0, -1.95204, 0, 3.86438, -3.31304, 0.0627632, -2.43756)

[node name="rock-c2" parent="Vegetation" instance=ExtResource("4_eugfh")]
transform = Transform3D(4.21004, 0, 0.234124, 0, 4.21654, 0, -0.234124, 0, 4.21004, 2.76437, 0.0215577, -4.29222)

[node name="rock-a3" parent="Vegetation" instance=ExtResource("2_5gcb1")]
transform = Transform3D(-0.883021, 0, -4.21685, 0, 4.30831, 0, 4.21685, 0, -0.883021, 7.89529, -0.00970894, 1.5855)

[node name="rock-b3" parent="Vegetation" instance=ExtResource("3_g3ca5")]
transform = Transform3D(-0.887347, 0, -4.23751, 0, 4.32942, 0, 4.23751, 0, -0.887347, 8.21154, 0.0809786, -0.156873)

[node name="rock-c3" parent="Vegetation" instance=ExtResource("4_eugfh")]
transform = Transform3D(3.05812, 0, -2.90296, 0, 4.21654, 0, 2.90296, 0, 3.05812, 6.71447, 0.0215577, -2.06476)

[node name="rock-a4" parent="Vegetation" instance=ExtResource("2_5gcb1")]
transform = Transform3D(-3.34644, 0, -2.71347, 0, 4.30831, 0, 2.71347, 0, -3.34644, 6.72386, -0.163957, 6.62616)

[node name="rock-b4" parent="Vegetation" instance=ExtResource("3_g3ca5")]
transform = Transform3D(-3.36283, 0, -2.72677, 0, 4.32942, 0, 2.72677, 0, -3.36283, 8.06889, -0.0732692, 5.47429)

[node name="rock-c4" parent="Vegetation" instance=ExtResource("4_eugfh")]
transform = Transform3D(0.539788, 0, -4.18185, 0, 4.21654, 0, 4.18185, 0, 0.539788, 8.11187, -0.13269, 3.04955)

[node name="rock-a5" parent="Vegetation" instance=ExtResource("2_5gcb1")]
transform = Transform3D(-4.13938, 0, 1.19461, 0, 4.30831, 0, -1.19461, 0, -4.13938, 1.71122, -0.00970894, 8.53583)

[node name="rock-b5" parent="Vegetation" instance=ExtResource("3_g3ca5")]
transform = Transform3D(-4.15966, 0, 1.20047, 0, 4.32942, 0, -1.20047, 0, -4.15966, 3.4252, 0.0809786, 8.98097)

[node name="rock-c5" parent="Vegetation" instance=ExtResource("4_eugfh")]
transform = Transform3D(-3.12264, 0, -2.83343, 0, 4.21654, 0, 2.83343, 0, -3.12264, 5.43928, 0.0215577, 7.63014)

[node name="rock-a6" parent="Vegetation" instance=ExtResource("2_5gcb1")]
transform = Transform3D(-1.96999, 0, 3.83154, 0, 4.30831, 0, -3.83154, 0, -1.96999, -2.24802, -0.00970894, 6.29625)

[node name="rock-b6" parent="Vegetation" instance=ExtResource("3_g3ca5")]
transform = Transform3D(-1.97964, 0, 3.85031, 0, 4.32942, 0, -3.85031, 0, -1.97964, -1.39628, 0.0809786, 7.8488)

[node name="rock-c6" parent="Vegetation" instance=ExtResource("4_eugfh")]
transform = Transform3D(-4.2037, 0, 0.328772, 0, 4.21654, 0, -0.328772, 0, -4.2037, 0.968179, 0.0215577, 8.38785)

[node name="tree-tall" parent="Vegetation" instance=ExtResource("5_5q6uq")]
transform = Transform3D(1, 0, 0, 0, 1, 0, 0, 0, 1, 3.01005, 0, -2.89578)

[node name="tree-tall17" parent="Vegetation" instance=ExtResource("5_5q6uq")]
transform = Transform3D(1, 0, 0, 0, 1, 0, 0, 0, 1, 4.79415, 0, -2.04774)

[node name="tree-tall2" parent="Vegetation" instance=ExtResource("5_5q6uq")]
transform = Transform3D(1, 0, 0, 0, 1, 0, 0, 0, 1, 1.01005, 0, -2.89578)

[node name="tree-tall3" parent="Vegetation" instance=ExtResource("5_5q6uq")]
transform = Transform3D(1, 0, 0, 0, 1, 0, 0, 0, 1, -0.525008, 0, -2.61028)

[node name="tree-tall4" parent="Vegetation" instance=ExtResource("5_5q6uq")]
transform = Transform3D(-0.136476, 0, -0.990643, 0, 1, 0, 0.990643, 0, -0.136476, -2.38238, 0, 0.954728)

[node name="tree-tall5" parent="Vegetation" instance=ExtResource("5_5q6uq")]
transform = Transform3D(-0.136476, 0, -0.990643, 0, 1, 0, 0.990643, 0, -0.136476, -2.45571, 0, -0.604931)

[node name="tree-tall6" parent="Vegetation" instance=ExtResource("5_5q6uq")]
transform = Transform3D(-0.136476, 0, -0.990643, 0, 1, 0, 0.990643, 0, -0.136476, 6.61762, 0, 0.954728)

[node name="tree-tall7" parent="Vegetation" instance=ExtResource("5_5q6uq")]
transform = Transform3D(-0.136476, 0, -0.990643, 0, 1, 0, 0.990643, 0, -0.136476, 6.54429, 0, -0.604931)

[node name="tree-tall8" parent="Vegetation" instance=ExtResource("5_5q6uq")]
transform = Transform3D(-0.136476, 0, -0.990643, 0, 1, 0, 0.990643, 0, -0.136476, 6.34147, 2.38419e-07, 5.9526)

[node name="tree-tall10" parent="Vegetation" instance=ExtResource("5_5q6uq")]
transform = Transform3D(1, 0, 0, 0, 1, 0, 0, 0, 1, 1.00685, 0, 6.52136)

[node name="tree-tall11" parent="Vegetation" instance=ExtResource("5_5q6uq")]
transform = Transform3D(1, 0, 0, 0, 1, 0, 0, 0, 1, -0.525008, 0, 5.92527)

[node name="tree-tall12" parent="Vegetation" instance=ExtResource("5_5q6uq")]
transform = Transform3D(-0.136476, 0, -0.990643, 0, 1, 0, 0.990643, 0, -0.136476, -2.50833, 0.0267553, 3.14762)

[node name="tree-tall13" parent="Vegetation" instance=ExtResource("5_5q6uq")]
transform = Transform3D(-0.136476, 0, -0.990643, 0, 1, 0, 0.990643, 0, -0.136476, -2.45571, 0, 4.23901)

[node name="tree-tall14" parent="Vegetation" instance=ExtResource("5_5q6uq")]
transform = Transform3D(-0.136476, 0, -0.990643, 0, 1, 0, 0.990643, 0, -0.136476, 4.41949, 0, 7.41652)

[node name="tree-tall15" parent="Vegetation" instance=ExtResource("5_5q6uq")]
transform = Transform3D(-0.136476, 0, -0.990643, 0, 1, 0, 0.990643, 0, -0.136476, 6.91421, -0.0141301, 2.79816)

[node name="tree-tall16" parent="Vegetation" instance=ExtResource("5_5q6uq")]
transform = Transform3D(-0.136476, 0, -0.990643, 0, 1, 0, 0.990643, 0, -0.136476, 0.149332, 2.38419e-07, 7.13994)

[node name="tree-tall9" parent="Vegetation" instance=ExtResource("5_5q6uq")]
transform = Transform3D(-0.136476, 0, -0.990643, 0, 1, 0, 0.990643, 0, -0.136476, 6.6418, 0.0716929, 4.37646)

[node name="tree" parent="Vegetation" instance=ExtResource("6_ihdsi")]
transform = Transform3D(1, 0, 0, 0, 1, 0, 0, 0, 1, 2.19381, 0.0619901, -2.69329)

[node name="tree2" parent="Vegetation" instance=ExtResource("6_ihdsi")]
transform = Transform3D(1, 0, 0, 0, 1, 0, 0, 0, 1, 0.19381, 0.0619901, -2.69329)

[node name="tree3" parent="Vegetation" instance=ExtResource("6_ihdsi")]
transform = Transform3D(1, 0, 0, 0, 1, 0, 0, 0, 1, -1.25666, 0.0619901, -1.93673)

[node name="tree4" parent="Vegetation" instance=ExtResource("6_ihdsi")]
transform = Transform3D(1, 0, 0, 0, 1, 0, 0, 0, 1, -2.07577, 0.0619901, 0.0632664)

[node name="tree5" parent="Vegetation" instance=ExtResource("6_ihdsi")]
transform = Transform3D(1, 0, 0, 0, 1, 0, 0, 0, 1, -2.07577, 0.0619901, 1.77428)

[node name="tree6" parent="Vegetation" instance=ExtResource("6_ihdsi")]
transform = Transform3D(-0.122129, 0, -0.992514, 0, 1, 0, 0.992514, 0, -0.122129, 6.25944, 0.0619901, 2.19359)

[node name="tree10" parent="Vegetation" instance=ExtResource("6_ihdsi")]
transform = Transform3D(-0.122129, 0, -0.992514, 0, 1, 0, 0.992514, 0, -0.122129, 4.96175, 0.0619901, 6.19359)

[node name="tree11" parent="Vegetation" instance=ExtResource("6_ihdsi")]
transform = Transform3D(-0.122129, 0, -0.992514, 0, 1, 0, 0.992514, 0, -0.122129, 2.13439, 0.0619901, 7.27991)

[node name="tree12" parent="Vegetation" instance=ExtResource("6_ihdsi")]
transform = Transform3D(-0.122129, 0, -0.992514, 0, 1, 0, 0.992514, 0, -0.122129, 3.05932, 0.0543299, 6.80114)

[node name="tree13" parent="Vegetation" instance=ExtResource("6_ihdsi")]
transform = Transform3D(-0.122129, 0, -0.992514, 0, 1, 0, 0.992514, 0, -0.122129, -1.03323, 0.0789815, 4.98067)

[node name="tree14" parent="Vegetation" instance=ExtResource("6_ihdsi")]
transform = Transform3D(-0.122129, 0, -0.992514, 0, 1, 0, 0.992514, 0, -0.122129, -1.32842, 0.0789815, 4.01239)

[node name="tree15" parent="Vegetation" instance=ExtResource("6_ihdsi")]
transform = Transform3D(-0.122129, 0, -0.992514, 0, 1, 0, 0.992514, 0, -0.122129, -1.77156, 0.0789815, 3.07284)

[node name="tree16" parent="Vegetation" instance=ExtResource("6_ihdsi")]
transform = Transform3D(-0.122129, 0, -0.992514, 0, 1, 0, 0.992514, 0, -0.122129, -1.77156, 0.0789815, -1.02761)

[node name="tree17" parent="Vegetation" instance=ExtResource("6_ihdsi")]
transform = Transform3D(-0.122129, 0, -0.992514, 0, 1, 0, 0.992514, 0, -0.122129, 5.64314, 0.0789815, -0.936089)

[node name="tree18" parent="Vegetation" instance=ExtResource("6_ihdsi")]
transform = Transform3D(-0.122129, 0, -0.992514, 0, 1, 0, 0.992514, 0, -0.122129, 6.11349, -0.0437266, 0.45063)

[node name="tree19" parent="Vegetation" instance=ExtResource("6_ihdsi")]
transform = Transform3D(-0.122129, 0, -0.992514, 0, 1, 0, 0.992514, 0, -0.122129, 7.03349, -0.0437266, 3.77087)

[node name="tree20" parent="Vegetation" instance=ExtResource("6_ihdsi")]
transform = Transform3D(-0.122129, 0, -0.992514, 0, 1, 0, 0.992514, 0, -0.122129, 6.01348, -0.0437266, 5.23889)

[node name="tree21" parent="Vegetation" instance=ExtResource("6_ihdsi")]
transform = Transform3D(-0.122129, 0, -0.992514, 0, 1, 0, 0.992514, 0, -0.122129, 3.98434, -0.0437266, 6.4977)

[node name="tree22" parent="Vegetation" instance=ExtResource("6_ihdsi")]
transform = Transform3D(-0.122129, 0, -0.992514, 0, 1, 0, 0.992514, 0, -0.122129, 1.75884, -0.0437266, 6.4977)

[node name="tree23" parent="Vegetation" instance=ExtResource("6_ihdsi")]
transform = Transform3D(-0.122129, 0, -0.992514, 0, 1, 0, 0.992514, 0, -0.122129, 0.104019, -0.0437266, 6.05823)

[node name="tree7" parent="Vegetation" instance=ExtResource("6_ihdsi")]
transform = Transform3D(-0.122129, 0, -0.992514, 0, 1, 0, 0.992514, 0, -0.122129, 5.42024, 0.0619901, -1.61452)

[node name="tree8" parent="Vegetation" instance=ExtResource("6_ihdsi")]
transform = Transform3D(-0.122129, 0, -0.992514, 0, 1, 0, 0.992514, 0, -0.122129, 4.11305, 0.0619901, -2.36985)

[node name="tree9" parent="Vegetation" instance=ExtResource("6_ihdsi")]
transform = Transform3D(-0.122129, 0, -0.992514, 0, 1, 0, 0.992514, 0, -0.122129, 3.44048, 0.0619901, -2.21999)

[node name="WorldEnvironment" type="WorldEnvironment" parent="."]
environment = SubResource("Environment_gki4l")

[node name="DirectionalLight3D" type="DirectionalLight3D" parent="WorldEnvironment"]
transform = Transform3D(1, 0, 0, 0, 0.735435, 0.677595, 0, -0.677595, 0.735435, -22.4488, 6.50441, 6.11123)
light_color = Color(0.63063, 0.21128, 0.184497, 1)
shadow_enabled = true

[node name="StaticBody3D" type="StaticBody3D" parent="."]
transform = Transform3D(1, 0, 0, 0, 1, 0, 0, 0, 1, 0, -1.47132, 0)

[node name="CollisionShape3D" type="CollisionShape3D" parent="StaticBody3D"]
shape = SubResource("BoxShape3D_y5wap")

[node name="MeshInstance3D" type="MeshInstance3D" parent="StaticBody3D/CollisionShape3D"]
transform = Transform3D(1, 0, 0, 0, 1, 0, 0, 0, 1, 0.00552273, -3.57628e-07, -0.0275168)
material_override = SubResource("StandardMaterial3D_t5yd5")
mesh = SubResource("BoxMesh_88da7")

[node name="PickableObject" parent="StaticBody3D/CollisionShape3D" instance=ExtResource("7_gsr8w")]
transform = Transform3D(0.792652, 0, 0.609675, 0, 1, 0, -0.609675, 0, 0.792652, 6.99578, 1.2491, 3.35394)

[node name="Score" type="Label3D" parent="."]
transform = Transform3D(-2.11981, 0, -2.24784, 0, 3.08972, 0, 2.24784, 0, -2.11981, 11.2198, 0.836692, 8.24357)
billboard = 1
text = "SCORE"

[node name="A" type="Label3D" parent="."]
transform = Transform3D(0.090528, 0, -3.08839, 0, 3.08972, 0, 3.08839, 0, 0.090528, 3.25231, 0.607222, 8.02641)
billboard = 1
text = "TIPO A"

[node name="B" type="Label3D" parent="."]
transform = Transform3D(0.090528, 0, -3.08839, 0, 3.08972, 0, 3.08839, 0, 0.090528, 3.25231, 0.607222, 4.64309)
billboard = 1
text = "TIPO B
"

[node name="C" type="Label3D" parent="."]
transform = Transform3D(-2.11981, 0, -2.24784, 0, 3.08972, 0, 2.24784, 0, -2.11981, 4.78186, 0.607222, 0.909867)
billboard = 1
text = "TIPO C"

[node name="D" type="Label3D" parent="."]
transform = Transform3D(-3.08839, 0, -0.0905279, 0, 3.08972, 0, 0.0905279, 0, -3.08839, 8.54612, 0.621509, -0.763624)
billboard = 1
text = "TIPO D"

[node name="E" type="Label3D" parent="."]
transform = Transform3D(-3.08839, 0, -0.0905279, 0, 3.08972, 0, 0.0905279, 0, -3.08839, 11.9296, 0.607222, -0.761121)
billboard = 1
text = "TIPO E
"

[node name="Collsions" type="Node3D" parent="."]
transform = Transform3D(1, 0, 0, 0, 1, 0, 0, 0, 1, 0, -1.3011, 0)

[node name="StaticBody3D" type="StaticBody3D" parent="Collsions"]

[node name="CollisionShape3D" type="CollisionShape3D" parent="Collsions/StaticBody3D"]
transform = Transform3D(1, 0, 0, 0, 1, 0, 0, 0, 1, -4.87005, 5.40405, 4.63439)
shape = SubResource("BoxShape3D_b6npi")

[node name="StaticBody3D2" type="StaticBody3D" parent="Collsions"]
transform = Transform3D(0.627678, 0, -0.778473, 0, 1, 0, 0.778473, 0, 0.627678, 3.34004, 0.0746851, -5.00891)

[node name="CollisionShape3D" type="CollisionShape3D" parent="Collsions/StaticBody3D2"]
transform = Transform3D(1, 0, 0, 0, 1, 0, 0, 0, 1, -4.87005, 5.40405, 4.63439)
shape = SubResource("BoxShape3D_b6npi")

[node name="StaticBody3D3" type="StaticBody3D" parent="Collsions"]
transform = Transform3D(-0.00605631, 0, -0.999982, 0, 1, 0, 0.999982, 0, -0.00605631, 11.2841, -0.268363, -2.4865)

[node name="CollisionShape3D" type="CollisionShape3D" parent="Collsions/StaticBody3D3"]
transform = Transform3D(1, 0, 0, 0, 1, 0, 0, 0, 1, -4.87005, 5.40405, 4.63439)
shape = SubResource("BoxShape3D_b6npi")

[node name="StaticBody3D4" type="StaticBody3D" parent="Collsions"]
transform = Transform3D(-0.795368, 0, -0.606127, 0, 1, 0, 0.606127, 0, -0.795368, 19.1547, 0.25702, 6.41884)

[node name="CollisionShape3D" type="CollisionShape3D" parent="Collsions/StaticBody3D4"]
transform = Transform3D(1, 0, 0, 0, 1, 0, 0, 0, 1, -4.87005, 5.40405, 4.63439)
shape = SubResource("BoxShape3D_b6npi")

[node name="StaticBody3D5" type="StaticBody3D" parent="Collsions"]
transform = Transform3D(-0.999621, 0, -0.0275378, 0, 1, 0, 0.0275378, 0, -0.999621, 18.17, 0.25702, 16.9065)

[node name="CollisionShape3D" type="CollisionShape3D" parent="Collsions/StaticBody3D5"]
transform = Transform3D(1, 0, 0, 0, 1, 0, 0, 0, 1, -4.87005, 5.40405, 4.63439)
shape = SubResource("BoxShape3D_b6npi")

[node name="StaticBody3D6" type="StaticBody3D" parent="Collsions"]
transform = Transform3D(-0.520235, 0, 0.854023, 0, 1, 0, -0.854023, 0, -0.520235, 9.31091, 0.25702, 20.3756)

[node name="CollisionShape3D" type="CollisionShape3D" parent="Collsions/StaticBody3D6"]
transform = Transform3D(1, 0, 0, 0, 1, 0, 0, 0, 1, -4.87005, 5.40405, 4.63439)
shape = SubResource("BoxShape3D_b6npi")

[node name="StaticBody3D7" type="StaticBody3D" parent="Collsions"]
transform = Transform3D(0.391807, 0, 0.920047, 0, 1, 0, -0.920047, 0, 0.391807, 0.05586, 0.284139, 15.0673)

[node name="CollisionShape3D" type="CollisionShape3D" parent="Collsions/StaticBody3D7"]
transform = Transform3D(1, 0, 0, 0, 1, 0, 0, 0, 1, -4.87005, 5.40405, 4.63439)
shape = SubResource("BoxShape3D_b6npi")

[node name="StaticBody3D8" type="StaticBody3D" parent="Collsions"]
transform = Transform3D(0.743682, 0, 0.668534, 0, 1, 0, -0.668534, 0, 0.743682, -0.542601, -0.401144, 10.8611)

[node name="CollisionShape3D" type="CollisionShape3D" parent="Collsions/StaticBody3D8"]
transform = Transform3D(1, 0, 0, 0, 1, 0, 0, 0, 1, -4.87005, 5.40405, 4.63439)
shape = SubResource("BoxShape3D_b6npi")

[node name="Pipes" type="Node3D" parent="."]
transform = Transform3D(1.70003, 0, 0, 0, 1.70003, 0, 0, 0, 1.70003, -3.9065, 0.721858, -1.27792)

[node name="pipe_end" parent="Pipes" instance=ExtResource("7_aiujs")]
transform = Transform3D(1, 0, 0, 0, 1, 0, 0, 0, 1, 7.41596, -0.97132, 0.760547)

[node name="pipe_rampLarge" parent="Pipes" instance=ExtResource("8_w877o")]
transform = Transform3D(1, 0, 0, 0, 1, 0, 0, 0, 1, 7.41881, -0.97132, -0.236566)

[node name="pipe_end5" parent="Pipes" instance=ExtResource("7_aiujs")]
transform = Transform3D(0.707107, 0, 0.707107, 0, 1, 0, -0.707107, 0, 0.707107, 5.3303, -0.97132, 1.51172)

[node name="pipe_rampLarge5" parent="Pipes" instance=ExtResource("8_w877o")]
transform = Transform3D(0.707107, 0, 0.707107, 0, 1, 0, -0.707107, 0, 0.707107, 4.62725, -0.97132, 0.804643)

[node name="pipe_split" parent="Pipes" instance=ExtResource("9_lwt6u")]
transform = Transform3D(1, 0, 0, 0, 1, 0, 0, 0, 1, 7.4192, -0.364329, -2.19996)

[node name="pipe_straight" parent="Pipes" instance=ExtResource("10_trswd")]
transform = Transform3D(-4.37114e-08, 0, -1, 0, 1, 0, 1, 0, -4.37114e-08, 8.39477, -0.363206, -2.19749)

[node name="pipe_straight7" parent="Pipes" instance=ExtResource("10_trswd")]
transform = Transform3D(-4.37114e-08, 0, -1, 0, 1, 0, 1, 0, -4.37114e-08, 6.42737, -0.363206, -2.19749)

[node name="pipe_straight8" parent="Pipes" instance=ExtResource("10_trswd")]
transform = Transform3D(-4.37114e-08, 0, -1, 0, 1, 0, 1, 0, -4.37114e-08, 5.48078, -0.363206, -2.19749)

[node name="pipe_straight9" parent="Pipes" instance=ExtResource("10_trswd")]
transform = Transform3D(-4.37114e-08, 0, -1, 0, 1, 0, 1, 0, -4.37114e-08, 4.49442, -0.363206, -2.19749)

[node name="pipe_straight11" parent="Pipes" instance=ExtResource("10_trswd")]
transform = Transform3D(-4.37114e-08, 0, -1, 0, 1, 0, 1, 0, -4.37114e-08, 3.51336, -0.363206, -2.19749)

[node name="pipe_straight12" parent="Pipes" instance=ExtResource("10_trswd")]
transform = Transform3D(-0.707107, 0, -0.707107, 0, 1, 0, 0.707107, 0, -0.707107, 3.24103, -0.368858, -0.583386)

[node name="pipe_straight13" parent="Pipes" instance=ExtResource("10_trswd")]
transform = Transform3D(-0.707107, 0, -0.707107, 0, 1, 0, 0.707107, 0, -0.707107, 2.55858, -0.368858, -1.2642)

[node name="pipe_end2" parent="Pipes" instance=ExtResource("7_aiujs")]
transform = Transform3D(1, 0, 0, 0, 1, 0, 0, 0, 1, 9.35018, -0.97132, 0.760547)

[node name="pipe_rampLarge2" parent="Pipes" instance=ExtResource("8_w877o")]
transform = Transform3D(1, 0, 0, 0, 1, 0, 0, 0, 1, 9.35302, -0.97132, -0.236566)

[node name="pipe_split2" parent="Pipes" instance=ExtResource("9_lwt6u")]
transform = Transform3D(1, 0, 0, 0, 1, 0, 0, 0, 1, 9.35341, -0.364329, -2.19996)

[node name="pipe_straight2" parent="Pipes" instance=ExtResource("10_trswd")]
transform = Transform3D(-4.37114e-08, 0, -1, 0, 1, 0, 1, 0, -4.37114e-08, 10.329, -0.363206, -2.19749)

[node name="pipe_end3" parent="Pipes" instance=ExtResource("7_aiujs")]
transform = Transform3D(-4.37114e-08, 0, 1, 0, 1, 0, -1, 0, -4.37114e-08, 4.60876, -0.97132, 5.41731)

[node name="pipe_rampLarge3" parent="Pipes" instance=ExtResource("8_w877o")]
transform = Transform3D(-4.37114e-08, 0, 1, 0, 1, 0, -1, 0, -4.37114e-08, 3.61165, -0.97132, 5.41446)

[node name="pipe_split3" parent="Pipes" instance=ExtResource("9_lwt6u")]
transform = Transform3D(-4.37114e-08, 0, 1, 0, 1, 0, -1, 0, -4.37114e-08, 1.64826, -0.364329, 5.41407)

[node name="pipe_straight3" parent="Pipes" instance=ExtResource("10_trswd")]
transform = Transform3D(1, 0, 0, 0, 1, 0, 0, 0, 1, 1.65073, -0.363206, 4.4385)

[node name="pipe_straight16" parent="Pipes" instance=ExtResource("10_trswd")]
transform = Transform3D(1, 0, 0, 0, 1, 0, 0, 0, 1, 1.65073, -0.363206, 6.41139)

[node name="pipe_end4" parent="Pipes" instance=ExtResource("7_aiujs")]
transform = Transform3D(-4.37114e-08, 0, 1, 0, 1, 0, -1, 0, -4.37114e-08, 4.60876, -0.97132, 3.48309)

[node name="pipe_rampLarge4" parent="Pipes" instance=ExtResource("8_w877o")]
transform = Transform3D(-4.37114e-08, 0, 1, 0, 1, 0, -1, 0, -4.37114e-08, 3.61165, -0.97132, 3.48025)

[node name="pipe_split4" parent="Pipes" instance=ExtResource("9_lwt6u")]
transform = Transform3D(-4.37114e-08, 0, 1, 0, 1, 0, -1, 0, -4.37114e-08, 1.64826, -0.364329, 3.47986)

[node name="pipe_straight4" parent="Pipes" instance=ExtResource("10_trswd")]
transform = Transform3D(1, 0, 0, 0, 1, 0, 0, 0, 1, 1.65073, -0.363206, 2.50428)

[node name="pipe_straight5" parent="Pipes" instance=ExtResource("10_trswd")]
transform = Transform3D(1, 0, 0, 0, 1, 0, 0, 0, 1, 1.65073, -0.363206, 1.54747)

[node name="pipe_straight6" parent="Pipes" instance=ExtResource("10_trswd")]
transform = Transform3D(1, 0, 0, 0, 1, 0, 0, 0, 1, 1.65073, -0.363206, 0.582448)

[node name="pipe_straight10" parent="Pipes" instance=ExtResource("10_trswd")]
transform = Transform3D(1, 0, 0, 0, 1, 0, 0, 0, 1, 1.65073, -0.363206, -0.382207)

[node name="pipe_straight14" parent="Pipes" instance=ExtResource("10_trswd")]
transform = Transform3D(0.707761, 0, -0.706452, 0, 1, 0, 0.706452, 0, 0.707761, 1.94605, -0.363206, -1.12309)

[node name="pipe_straight15" parent="Pipes" instance=ExtResource("10_trswd")]
transform = Transform3D(0.707761, 0, -0.706452, 0, 1, 0, 0.706452, 0, 0.707761, 2.71427, -0.363206, -1.91188)

[node name="hangar_roundGlass" parent="Pipes" instance=ExtResource("11_ol4fu")]
transform = Transform3D(0.866025, 0, -0.5, 0, 1, 0, 0.5, 0, 0.866025, 1.63079, -0.996014, 7.44174)

[node name="hangar_roundGlass2" parent="Pipes" instance=ExtResource("11_ol4fu")]
transform = Transform3D(1, 0, 0, 0, 1, 0, 0, 0, 1, 11.3742, -0.996014, -2.17079)

[node name="barrel" parent="." instance=ExtResource("12_d8fc1")]
transform = Transform3D(6.05321, 0, 0, 0, 2.18169, 0, 0, 0, 6.43941, 6.91261, -0.97132, 3.1915)

[node name="StaticBody3D" type="StaticBody3D" parent="barrel"]

[node name="CollisionShape3D" type="CollisionShape3D" parent="barrel/StaticBody3D"]
transform = Transform3D(1, 0, 0, 0, 1, 0, 0, 0, 1, 0, 0.114311, 0)
shape = SubResource("CylinderShape3D_7rxju")
