[gd_scene load_steps=19 format=3 uid="uid://d0hr1sjtnh2l8"]

[ext_resource type="PackedScene" uid="uid://bmea15g3rg5tw" path="res://KenneyAssets/kenney_survival-kit/Models/FBX format/rock-a.fbx" id="1_nbhhd"]
[ext_resource type="PackedScene" uid="uid://u40ukx6o8rmd" path="res://KenneyAssets/kenney_survival-kit/Models/FBX format/rock-b.fbx" id="2_ms18n"]
[ext_resource type="PackedScene" uid="uid://bonsfxah44o8c" path="res://KenneyAssets/kenney_survival-kit/Models/FBX format/rock-c.fbx" id="3_koykt"]
[ext_resource type="PackedScene" uid="uid://j04pp1qp8pak" path="res://KenneyAssets/kenney_survival-kit/Models/FBX format/tree-tall.fbx" id="5_l4476"]
[ext_resource type="PackedScene" uid="uid://duddhtc7qqyr8" path="res://KenneyAssets/kenney_survival-kit/Models/FBX format/tree.fbx" id="6_1y0am"]
[ext_resource type="PackedScene" uid="uid://dhw5xo8j17tpf" path="res://KenneyAssets/kenney_space-kit/Models/DAE format/platform_high.dae" id="6_mkicr"]
[ext_resource type="PackedScene" uid="uid://uas1kcpxhlpx" path="res://KenneyAssets/kenney_space-kit/Models/DAE format/monorail_trackStraight.dae" id="7_3ahan"]
[ext_resource type="PackedScene" uid="uid://b2280cmvlg3yb" path="res://KenneyAssets/kenney_space-kit/Models/DAE format/monorail_trackSupport.dae" id="8_1d3hs"]
[ext_resource type="PackedScene" uid="uid://c1phxdr3u38qn" path="res://KenneyAssets/kenney_space-kit/Models/DAE format/corridor_open.dae" id="9_hxmct"]
[ext_resource type="PackedScene" uid="uid://dob0785i5s1r6" path="res://Scenes/Player.tscn" id="10_j54pt"]

[sub_resource type="Environment" id="Environment_gki4l"]
background_mode = 1
background_color = Color(0.20264, 0.147604, 0.365174, 1)
ambient_light_source = 3
ambient_light_color = Color(0.504969, 0.472506, 0.48081, 1)

[sub_resource type="BoxShape3D" id="BoxShape3D_y5wap"]
size = Vector3(100, 1, 100)

[sub_resource type="StandardMaterial3D" id="StandardMaterial3D_t5yd5"]
albedo_color = Color(0.428456, 0.643813, 0.441432, 1)

[sub_resource type="BoxMesh" id="BoxMesh_88da7"]
size = Vector3(100, 1, 100)

[sub_resource type="BoxShape3D" id="BoxShape3D_b6npi"]
size = Vector3(1, 11.8081, 18.5604)

[sub_resource type="StandardMaterial3D" id="StandardMaterial3D_lb28h"]
albedo_color = Color(0, 0, 0, 1)

[sub_resource type="BoxMesh" id="BoxMesh_6qtqh"]

[sub_resource type="BoxShape3D" id="BoxShape3D_8dklw"]

[node name="Main" type="Node3D"]
transform = Transform3D(1, 0, 0, 0, 1, 0, 0, 0, 1, 0, 1, 0)

[node name="WorldEnvironment" type="WorldEnvironment" parent="."]
environment = SubResource("Environment_gki4l")

[node name="DirectionalLight3D" type="DirectionalLight3D" parent="WorldEnvironment"]
transform = Transform3D(1, 0, 0, 0, 0.735435, 0.677595, 0, -0.677595, 0.735435, -22.4488, 6.50441, 6.11123)
light_color = Color(0.0717218, 0.215819, 0.372549, 1)
shadow_enabled = true

[node name="Floor" type="StaticBody3D" parent="."]
transform = Transform3D(1, 0, 0, 0, 1, 0, 0, 0, 1, 0, -1.47132, 0)

[node name="CollisionShape3D" type="CollisionShape3D" parent="Floor"]
shape = SubResource("BoxShape3D_y5wap")

[node name="MeshInstance3D" type="MeshInstance3D" parent="Floor/CollisionShape3D"]
material_override = SubResource("StandardMaterial3D_t5yd5")
mesh = SubResource("BoxMesh_88da7")

[node name="Vegetation" type="Node3D" parent="."]
transform = Transform3D(3.83052, 0, 0, 0, 3.83052, 0, 0, 0, 3.83052, 0, -1.33278, 0)

[node name="rock-a" parent="Vegetation" instance=ExtResource("1_nbhhd")]
transform = Transform3D(4.30831, 0, 0, 0, 4.30831, 0, 0, 0, 4.30831, 1.13426, -0.163957, -4.32144)

[node name="rock-b" parent="Vegetation" instance=ExtResource("2_ms18n")]
transform = Transform3D(4.32942, 0, 0, 0, 4.32942, 0, 0, 0, 4.32942, -0.635948, -0.0732692, -4.27387)

[node name="rock-c" parent="Vegetation" instance=ExtResource("3_koykt")]
transform = Transform3D(2.21455, 0, 3.58818, 0, 4.21654, 0, -3.58818, 0, 2.21455, -2.19649, -0.13269, -2.41754)

[node name="rock-a2" parent="Vegetation" instance=ExtResource("1_nbhhd")]
transform = Transform3D(2.46283, 0, -3.53498, 0, 4.30831, 0, 3.53498, 0, 2.46283, 6.23053, -0.00970894, -2.64769)

[node name="rock-b2" parent="Vegetation" instance=ExtResource("2_ms18n")]
transform = Transform3D(2.47489, 0, -3.5523, 0, 4.32942, 0, 3.5523, 0, 2.47489, 5.17957, 0.0809786, -4.07295)

[node name="rock-a7" parent="Vegetation" instance=ExtResource("1_nbhhd")]
transform = Transform3D(0.604441, 0, 4.2657, 0, 4.30831, 0, -4.2657, 0, 0.604441, -4.05247, -0.0380459, 1.55428)

[node name="rock-b7" parent="Vegetation" instance=ExtResource("2_ms18n")]
transform = Transform3D(0.607402, 0, 4.2866, 0, 4.32942, 0, -4.2866, 0, 0.607402, -4.25372, 0.0526416, 3.31365)

[node name="rock-c7" parent="Vegetation" instance=ExtResource("3_koykt")]
transform = Transform3D(-3.242, 0, 2.69605, 0, 4.21654, 0, -2.69605, 0, -3.242, -2.63469, -0.00677925, 5.1192)

[node name="rock-c8" parent="Vegetation" instance=ExtResource("3_koykt")]
transform = Transform3D(-3.242, 0, 2.69605, 0, 4.21654, 0, -2.69605, 0, -3.242, -4.12482, -0.00677925, -0.184367)

[node name="rock-a8" parent="Vegetation" instance=ExtResource("1_nbhhd")]
transform = Transform3D(3.84554, 0, 1.94252, 0, 4.30831, 0, -1.94252, 0, 3.84554, -1.68028, 0.116202, -3.25677)

[node name="rock-b8" parent="Vegetation" instance=ExtResource("2_ms18n")]
transform = Transform3D(3.86438, 0, 1.95204, 0, 4.32942, 0, -1.95204, 0, 3.86438, -3.31304, 0.0627632, -2.43756)

[node name="rock-c2" parent="Vegetation" instance=ExtResource("3_koykt")]
transform = Transform3D(4.21004, 0, 0.234124, 0, 4.21654, 0, -0.234124, 0, 4.21004, 2.76437, 0.0215577, -4.29222)

[node name="rock-a3" parent="Vegetation" instance=ExtResource("1_nbhhd")]
transform = Transform3D(-0.883021, 0, -4.21685, 0, 4.30831, 0, 4.21685, 0, -0.883021, 7.89529, -0.00970894, 1.5855)

[node name="rock-b3" parent="Vegetation" instance=ExtResource("2_ms18n")]
transform = Transform3D(-0.887347, 0, -4.23751, 0, 4.32942, 0, 4.23751, 0, -0.887347, 8.21154, 0.0809786, -0.156873)

[node name="rock-c3" parent="Vegetation" instance=ExtResource("3_koykt")]
transform = Transform3D(3.05812, 0, -2.90296, 0, 4.21654, 0, 2.90296, 0, 3.05812, 6.71447, 0.0215577, -2.06476)

[node name="rock-a4" parent="Vegetation" instance=ExtResource("1_nbhhd")]
transform = Transform3D(-3.34644, 0, -2.71347, 0, 4.30831, 0, 2.71347, 0, -3.34644, 6.72386, -0.163957, 6.62616)

[node name="rock-b4" parent="Vegetation" instance=ExtResource("2_ms18n")]
transform = Transform3D(-3.36283, 0, -2.72677, 0, 4.32942, 0, 2.72677, 0, -3.36283, 8.06889, -0.0732692, 5.47429)

[node name="rock-c4" parent="Vegetation" instance=ExtResource("3_koykt")]
transform = Transform3D(0.539788, 0, -4.18185, 0, 4.21654, 0, 4.18185, 0, 0.539788, 8.11187, -0.13269, 3.04955)

[node name="rock-a5" parent="Vegetation" instance=ExtResource("1_nbhhd")]
transform = Transform3D(-4.13938, 0, 1.19461, 0, 4.30831, 0, -1.19461, 0, -4.13938, 1.71122, -0.00970894, 8.53583)

[node name="rock-b5" parent="Vegetation" instance=ExtResource("2_ms18n")]
transform = Transform3D(-4.15966, 0, 1.20047, 0, 4.32942, 0, -1.20047, 0, -4.15966, 3.4252, 0.0809786, 8.98097)

[node name="rock-c5" parent="Vegetation" instance=ExtResource("3_koykt")]
transform = Transform3D(-3.12264, 0, -2.83343, 0, 4.21654, 0, 2.83343, 0, -3.12264, 5.43928, 0.0215577, 7.63014)

[node name="rock-a6" parent="Vegetation" instance=ExtResource("1_nbhhd")]
transform = Transform3D(-1.96999, 0, 3.83154, 0, 4.30831, 0, -3.83154, 0, -1.96999, -2.24802, -0.00970894, 6.29625)

[node name="rock-b6" parent="Vegetation" instance=ExtResource("2_ms18n")]
transform = Transform3D(-1.97964, 0, 3.85031, 0, 4.32942, 0, -3.85031, 0, -1.97964, -1.39628, 0.0809786, 7.8488)

[node name="rock-c6" parent="Vegetation" instance=ExtResource("3_koykt")]
transform = Transform3D(-4.2037, 0, 0.328772, 0, 4.21654, 0, -0.328772, 0, -4.2037, 0.968179, 0.0215577, 8.38785)

[node name="tree-tall" parent="Vegetation" instance=ExtResource("5_l4476")]
transform = Transform3D(1, 0, 0, 0, 1, 0, 0, 0, 1, 3.01005, 0, -2.89578)

[node name="tree-tall17" parent="Vegetation" instance=ExtResource("5_l4476")]
transform = Transform3D(1, 0, 0, 0, 1, 0, 0, 0, 1, 4.79415, 0, -2.04774)

[node name="tree-tall2" parent="Vegetation" instance=ExtResource("5_l4476")]
transform = Transform3D(1, 0, 0, 0, 1, 0, 0, 0, 1, 1.01005, 0, -2.89578)

[node name="tree-tall3" parent="Vegetation" instance=ExtResource("5_l4476")]
transform = Transform3D(1, 0, 0, 0, 1, 0, 0, 0, 1, -0.525008, 0, -2.61028)

[node name="tree-tall4" parent="Vegetation" instance=ExtResource("5_l4476")]
transform = Transform3D(-0.136476, 0, -0.990643, 0, 1, 0, 0.990643, 0, -0.136476, -2.38238, 0, 0.954728)

[node name="tree-tall5" parent="Vegetation" instance=ExtResource("5_l4476")]
transform = Transform3D(-0.136476, 0, -0.990643, 0, 1, 0, 0.990643, 0, -0.136476, -2.45571, 0, -0.604931)

[node name="tree-tall6" parent="Vegetation" instance=ExtResource("5_l4476")]
transform = Transform3D(-0.136476, 0, -0.990643, 0, 1, 0, 0.990643, 0, -0.136476, 6.61762, 0, 0.954728)

[node name="tree-tall7" parent="Vegetation" instance=ExtResource("5_l4476")]
transform = Transform3D(-0.136476, 0, -0.990643, 0, 1, 0, 0.990643, 0, -0.136476, 6.54429, 0, -0.604931)

[node name="tree-tall8" parent="Vegetation" instance=ExtResource("5_l4476")]
transform = Transform3D(-0.136476, 0, -0.990643, 0, 1, 0, 0.990643, 0, -0.136476, 6.34147, 2.38419e-07, 5.9526)

[node name="tree-tall10" parent="Vegetation" instance=ExtResource("5_l4476")]
transform = Transform3D(1, 0, 0, 0, 1, 0, 0, 0, 1, 1.00685, 0, 6.52136)

[node name="tree-tall11" parent="Vegetation" instance=ExtResource("5_l4476")]
transform = Transform3D(1, 0, 0, 0, 1, 0, 0, 0, 1, -0.525008, 0, 5.92527)

[node name="tree-tall12" parent="Vegetation" instance=ExtResource("5_l4476")]
transform = Transform3D(-0.136476, 0, -0.990643, 0, 1, 0, 0.990643, 0, -0.136476, -2.50833, 0.0267553, 3.14762)

[node name="tree-tall13" parent="Vegetation" instance=ExtResource("5_l4476")]
transform = Transform3D(-0.136476, 0, -0.990643, 0, 1, 0, 0.990643, 0, -0.136476, -2.45571, 0, 4.23901)

[node name="tree-tall14" parent="Vegetation" instance=ExtResource("5_l4476")]
transform = Transform3D(-0.136476, 0, -0.990643, 0, 1, 0, 0.990643, 0, -0.136476, 4.41949, 0, 7.41652)

[node name="tree-tall15" parent="Vegetation" instance=ExtResource("5_l4476")]
transform = Transform3D(-0.136476, 0, -0.990643, 0, 1, 0, 0.990643, 0, -0.136476, 6.91421, -0.0141301, 2.79816)

[node name="tree-tall16" parent="Vegetation" instance=ExtResource("5_l4476")]
transform = Transform3D(-0.136476, 0, -0.990643, 0, 1, 0, 0.990643, 0, -0.136476, 0.149332, 2.38419e-07, 7.13994)

[node name="tree-tall9" parent="Vegetation" instance=ExtResource("5_l4476")]
transform = Transform3D(-0.136476, 0, -0.990643, 0, 1, 0, 0.990643, 0, -0.136476, 6.6418, 0.0716929, 4.37646)

[node name="tree" parent="Vegetation" instance=ExtResource("6_1y0am")]
transform = Transform3D(1, 0, 0, 0, 1, 0, 0, 0, 1, 2.19381, 0.0619901, -2.69329)

[node name="tree2" parent="Vegetation" instance=ExtResource("6_1y0am")]
transform = Transform3D(1, 0, 0, 0, 1, 0, 0, 0, 1, 0.19381, 0.0619901, -2.69329)

[node name="tree3" parent="Vegetation" instance=ExtResource("6_1y0am")]
transform = Transform3D(1, 0, 0, 0, 1, 0, 0, 0, 1, -1.25666, 0.0619901, -1.93673)

[node name="tree4" parent="Vegetation" instance=ExtResource("6_1y0am")]
transform = Transform3D(1, 0, 0, 0, 1, 0, 0, 0, 1, -2.07577, 0.0619901, 0.0632664)

[node name="tree5" parent="Vegetation" instance=ExtResource("6_1y0am")]
transform = Transform3D(1, 0, 0, 0, 1, 0, 0, 0, 1, -2.07577, 0.0619901, 1.77428)

[node name="tree6" parent="Vegetation" instance=ExtResource("6_1y0am")]
transform = Transform3D(-0.122129, 0, -0.992514, 0, 1, 0, 0.992514, 0, -0.122129, 6.25944, 0.0619901, 2.19359)

[node name="tree10" parent="Vegetation" instance=ExtResource("6_1y0am")]
transform = Transform3D(-0.122129, 0, -0.992514, 0, 1, 0, 0.992514, 0, -0.122129, 4.96175, 0.0619901, 6.19359)

[node name="tree11" parent="Vegetation" instance=ExtResource("6_1y0am")]
transform = Transform3D(-0.122129, 0, -0.992514, 0, 1, 0, 0.992514, 0, -0.122129, 2.13439, 0.0619901, 7.27991)

[node name="tree12" parent="Vegetation" instance=ExtResource("6_1y0am")]
transform = Transform3D(-0.122129, 0, -0.992514, 0, 1, 0, 0.992514, 0, -0.122129, 3.05932, 0.0543299, 6.80114)

[node name="tree13" parent="Vegetation" instance=ExtResource("6_1y0am")]
transform = Transform3D(-0.122129, 0, -0.992514, 0, 1, 0, 0.992514, 0, -0.122129, -1.03323, 0.0789815, 4.98067)

[node name="tree14" parent="Vegetation" instance=ExtResource("6_1y0am")]
transform = Transform3D(-0.122129, 0, -0.992514, 0, 1, 0, 0.992514, 0, -0.122129, -1.32842, 0.0789815, 4.01239)

[node name="tree15" parent="Vegetation" instance=ExtResource("6_1y0am")]
transform = Transform3D(-0.122129, 0, -0.992514, 0, 1, 0, 0.992514, 0, -0.122129, -1.77156, 0.0789815, 3.07284)

[node name="tree16" parent="Vegetation" instance=ExtResource("6_1y0am")]
transform = Transform3D(-0.122129, 0, -0.992514, 0, 1, 0, 0.992514, 0, -0.122129, -1.77156, 0.0789815, -1.02761)

[node name="tree17" parent="Vegetation" instance=ExtResource("6_1y0am")]
transform = Transform3D(-0.122129, 0, -0.992514, 0, 1, 0, 0.992514, 0, -0.122129, 5.64314, 0.0789815, -0.936089)

[node name="tree18" parent="Vegetation" instance=ExtResource("6_1y0am")]
transform = Transform3D(-0.122129, 0, -0.992514, 0, 1, 0, 0.992514, 0, -0.122129, 6.11349, -0.0437266, 0.45063)

[node name="tree19" parent="Vegetation" instance=ExtResource("6_1y0am")]
transform = Transform3D(-0.122129, 0, -0.992514, 0, 1, 0, 0.992514, 0, -0.122129, 7.03349, -0.0437266, 3.77087)

[node name="tree20" parent="Vegetation" instance=ExtResource("6_1y0am")]
transform = Transform3D(-0.122129, 0, -0.992514, 0, 1, 0, 0.992514, 0, -0.122129, 6.01348, -0.0437266, 5.23889)

[node name="tree21" parent="Vegetation" instance=ExtResource("6_1y0am")]
transform = Transform3D(-0.122129, 0, -0.992514, 0, 1, 0, 0.992514, 0, -0.122129, 3.98434, -0.0437266, 6.4977)

[node name="tree22" parent="Vegetation" instance=ExtResource("6_1y0am")]
transform = Transform3D(-0.122129, 0, -0.992514, 0, 1, 0, 0.992514, 0, -0.122129, 1.75884, -0.0437266, 6.4977)

[node name="tree23" parent="Vegetation" instance=ExtResource("6_1y0am")]
transform = Transform3D(-0.122129, 0, -0.992514, 0, 1, 0, 0.992514, 0, -0.122129, 0.104019, -0.0437266, 6.05823)

[node name="tree7" parent="Vegetation" instance=ExtResource("6_1y0am")]
transform = Transform3D(-0.122129, 0, -0.992514, 0, 1, 0, 0.992514, 0, -0.122129, 5.42024, 0.0619901, -1.61452)

[node name="tree8" parent="Vegetation" instance=ExtResource("6_1y0am")]
transform = Transform3D(-0.122129, 0, -0.992514, 0, 1, 0, 0.992514, 0, -0.122129, 4.11305, 0.0619901, -2.36985)

[node name="tree9" parent="Vegetation" instance=ExtResource("6_1y0am")]
transform = Transform3D(-0.122129, 0, -0.992514, 0, 1, 0, 0.992514, 0, -0.122129, 3.44048, 0.0619901, -2.21999)

[node name="platform_high2" parent="Vegetation" instance=ExtResource("6_mkicr")]
transform = Transform3D(0.261061, 0, 0, 0, 0.261061, 0, 0, 0, 0.261061, -0.0832164, 0.932545, 0.813174)

[node name="platform_high3" parent="Vegetation" instance=ExtResource("6_mkicr")]
transform = Transform3D(0.261061, 0, 0, 0, 0.261061, 0, 0, 0, 0.261061, -0.0832164, 0.727359, 0.813174)

[node name="platform_high4" parent="Vegetation" instance=ExtResource("6_mkicr")]
transform = Transform3D(0.261061, 0, 0, 0, 0.261061, 0, 0, 0, 0.261061, -0.0832164, 0.489977, 0.813174)

[node name="platform_high5" parent="Vegetation" instance=ExtResource("6_mkicr")]
transform = Transform3D(0.261061, 0, 0, 0, 0.261061, 0, 0, 0, 0.261061, -0.0832164, 0.244398, 0.813174)

[node name="monorail_trackStraight" parent="Vegetation" instance=ExtResource("7_3ahan")]
transform = Transform3D(-4.23058e-08, 0, 2.52438, 0, 0.261061, 0, -0.967844, 0, -1.10344e-07, 1.75656, 1.32463, 0.813702)

[node name="monorail_trackSupport" parent="Vegetation" instance=ExtResource("8_1d3hs")]
transform = Transform3D(0.261061, 0, 0, 0, 3.09731, -0.0675676, 0, 0.829921, 0.252166, 0.944665, -0.227516, 0.391189)

[node name="monorail_trackSupport2" parent="Vegetation" instance=ExtResource("8_1d3hs")]
transform = Transform3D(0.261061, 0, 0, 0, 3.09731, -0.0675676, 0, 0.829921, 0.252166, 2.21758, -0.227516, 0.386685)

[node name="monorail_trackSupport3" parent="Vegetation" instance=ExtResource("8_1d3hs")]
transform = Transform3D(-0.261061, 3.11209e-08, 2.33407e-08, -1.87878e-09, 3.09731, -0.0675676, -1.94506e-08, -0.829921, -0.252166, 2.21758, -0.227516, 1.22269)

[node name="monorail_trackSupport4" parent="Vegetation" instance=ExtResource("8_1d3hs")]
transform = Transform3D(-0.261061, 3.11209e-08, 2.33407e-08, -1.87878e-09, 3.09731, -0.0675676, -1.94506e-08, -0.829921, -0.252166, 0.944665, -0.227516, 1.2272)

[node name="Collsions" type="Node3D" parent="."]
transform = Transform3D(1, 0, 0, 0, 1, 0, 0, 0, 1, 0, -1.3011, 0)

[node name="StaticBody3D" type="StaticBody3D" parent="Collsions"]

[node name="CollisionShape3D" type="CollisionShape3D" parent="Collsions/StaticBody3D"]
transform = Transform3D(1, 0, 0, 0, 1, 0, 0, 0, 1, -4.87005, 5.40405, 4.63439)
shape = SubResource("BoxShape3D_b6npi")

[node name="StaticBody3D2" type="StaticBody3D" parent="Collsions"]
transform = Transform3D(0.627678, 0, -0.778473, 0, 1, 0, 0.778473, 0, 0.627678, 3.34004, 0.0746851, -5.00891)

[node name="CollisionShape3D" type="CollisionShape3D" parent="Collsions/StaticBody3D2"]
transform = Transform3D(1, 0, 0, 0, 1, 0, 0, 0, 1, -4.87005, 5.40405, 4.63439)
shape = SubResource("BoxShape3D_b6npi")

[node name="StaticBody3D3" type="StaticBody3D" parent="Collsions"]
transform = Transform3D(-0.00605631, 0, -0.999982, 0, 1, 0, 0.999982, 0, -0.00605631, 11.2841, -0.268363, -2.4865)

[node name="CollisionShape3D" type="CollisionShape3D" parent="Collsions/StaticBody3D3"]
transform = Transform3D(1, 0, 0, 0, 1, 0, 0, 0, 1, -4.87005, 5.40405, 4.63439)
shape = SubResource("BoxShape3D_b6npi")

[node name="StaticBody3D4" type="StaticBody3D" parent="Collsions"]
transform = Transform3D(-0.795368, 0, -0.606127, 0, 1, 0, 0.606127, 0, -0.795368, 19.1547, 0.25702, 6.41884)

[node name="CollisionShape3D" type="CollisionShape3D" parent="Collsions/StaticBody3D4"]
transform = Transform3D(1, 0, 0, 0, 1, 0, 0, 0, 1, -4.87005, 5.40405, 4.63439)
shape = SubResource("BoxShape3D_b6npi")

[node name="StaticBody3D5" type="StaticBody3D" parent="Collsions"]
transform = Transform3D(-0.999621, 0, -0.0275378, 0, 1, 0, 0.0275378, 0, -0.999621, 18.17, 0.25702, 16.9065)

[node name="CollisionShape3D" type="CollisionShape3D" parent="Collsions/StaticBody3D5"]
transform = Transform3D(1, 0, 0, 0, 1, 0, 0, 0, 1, -4.87005, 5.40405, 4.63439)
shape = SubResource("BoxShape3D_b6npi")

[node name="StaticBody3D6" type="StaticBody3D" parent="Collsions"]
transform = Transform3D(-0.520235, 0, 0.854023, 0, 1, 0, -0.854023, 0, -0.520235, 9.31091, 0.25702, 20.3756)

[node name="CollisionShape3D" type="CollisionShape3D" parent="Collsions/StaticBody3D6"]
transform = Transform3D(1, 0, 0, 0, 1, 0, 0, 0, 1, -4.87005, 5.40405, 4.63439)
shape = SubResource("BoxShape3D_b6npi")

[node name="StaticBody3D7" type="StaticBody3D" parent="Collsions"]
transform = Transform3D(0.391807, 0, 0.920047, 0, 1, 0, -0.920047, 0, 0.391807, 0.05586, 0.284139, 15.0673)

[node name="CollisionShape3D" type="CollisionShape3D" parent="Collsions/StaticBody3D7"]
transform = Transform3D(1, 0, 0, 0, 1, 0, 0, 0, 1, -4.87005, 5.40405, 4.63439)
shape = SubResource("BoxShape3D_b6npi")

[node name="StaticBody3D8" type="StaticBody3D" parent="Collsions"]
transform = Transform3D(0.743682, 0, 0.668534, 0, 1, 0, -0.668534, 0, 0.743682, -0.542601, -0.401144, 10.8611)

[node name="CollisionShape3D" type="CollisionShape3D" parent="Collsions/StaticBody3D8"]
transform = Transform3D(1, 0, 0, 0, 1, 0, 0, 0, 1, -4.87005, 5.40405, 4.63439)
shape = SubResource("BoxShape3D_b6npi")

[node name="corridor_open" parent="." instance=ExtResource("9_hxmct")]
transform = Transform3D(-6.6005e-08, 0, 2.51527, 0, 1.51002, 0, -1.51002, 0, -1.09946e-07, 0.0919195, 2.47733, 1.66718)

[node name="MeshInstance3D" type="MeshInstance3D" parent="corridor_open"]
transform = Transform3D(0.862311, 0, 0, 0, 0.862311, 0, 5.32907e-15, 0, 0.862311, 0, 0.398462, 0)
material_override = SubResource("StandardMaterial3D_lb28h")
mesh = SubResource("BoxMesh_6qtqh")

[node name="corridor_open2" parent="." instance=ExtResource("9_hxmct")]
transform = Transform3D(-6.6005e-08, 0, 2.51527, 0, 1.51002, 0, -1.51002, 0, -1.09946e-07, 0.0919195, 2.47733, 4.47024)

[node name="MeshInstance3D2" type="MeshInstance3D" parent="corridor_open2"]
transform = Transform3D(0.862311, 0, 0, 0, 0.862311, 0, 1.24345e-14, 0, 0.862311, 0.0196886, 0.398462, 0)
material_override = SubResource("StandardMaterial3D_lb28h")
mesh = SubResource("BoxMesh_6qtqh")
skeleton = NodePath("../../corridor_open")

[node name="platform_high" parent="." instance=ExtResource("6_mkicr")]
transform = Transform3D(1, 0, 0, 0, 1, 0, 0, 0, 1, -0.318762, 3.09983, 3.11488)

[node name="StaticBody3D" type="StaticBody3D" parent="platform_high"]

[node name="CollisionShape3D" type="CollisionShape3D" parent="platform_high/StaticBody3D"]
transform = Transform3D(1, 0, 0, 0, 1, 0, 0, 0, 1, 0, 0.160738, 0)
shape = SubResource("BoxShape3D_8dklw")

[node name="XRNode3D" parent="." instance=ExtResource("10_j54pt")]
transform = Transform3D(-4.37114e-08, 0, -1, 0, 1, 0, 1, 0, -4.37114e-08, -0.229211, 7.12145, 2.99751)
